0.00000000 0.63366647
0.05050505 0.61608640
0.10101010 0.56555177
0.15151515 0.59345271
0.20202020 0.58158252
0.25252525 0.65213016
0.30303030 0.55355732
0.35353535 0.75787847
0.40404040 0.71984187
0.45454545 0.80529632
0.50505051 0.74791587
0.55555556 0.76580781
0.60606061 1.10434720
0.65656566 0.81130519
0.70707071 1.11345178
0.75757576 1.12353231
0.80808081 1.13494710
0.85858586 1.17278903
0.90909091 1.27204517
0.95959596 1.00825650
1.01010101 1.34133379
1.06060606 1.43997231
1.11111111 1.39855336
1.16161616 1.56733391
1.21212121 1.61887873
1.26262626 1.61062801
1.31313131 1.93153629
1.36363636 2.06220812
1.41414141 1.78216667
1.46464646 2.03011731
1.51515152 2.11607234
1.56565657 2.23580384
1.61616162 2.34067428
1.66666667 2.59384603
1.71717172 2.56712801
1.76767677 2.64957380
1.81818182 2.75768908
1.86868687 2.88750475
1.91919192 3.05280923
1.96969697 3.59975862
2.02020202 3.33796092
2.07070707 3.72563309
2.12121212 3.84843935
2.17171717 3.79950294
2.22222222 4.24103369
2.27272727 4.39674691
2.32323232 4.51226722
2.37373737 4.89493217
2.42424242 4.81161374
2.47474747 5.29585827
2.52525253 5.51196890
2.57575758 5.72177265
2.62626263 6.01447845
2.67676768 6.32965682
2.72727273 6.72301406
2.77777778 7.09937006
2.82828283 7.25549585
2.87878788 7.58059537
2.92929293 8.26578597
2.97979798 8.39333842
3.03030303 8.97880602
3.08080808 9.27484126
3.13131313 9.78143024
3.18181818 10.38895187
3.23232323 10.86136833
3.28282828 11.28506482
3.33333333 11.80574158
3.38383838 12.68427661
3.43434343 13.05745535
3.48484848 13.59695173
3.53535354 14.43452700
3.58585859 15.04027660
3.63636364 15.99647121
3.68686869 16.69088602
3.73737374 17.57035303
3.78787879 18.20438273
3.83838384 19.06921486
3.88888889 19.94706680
3.93939394 21.22259939
3.98989899 22.09086940
4.04040404 23.08339075
4.09090909 24.44583112
4.14141414 25.64054154
4.19191919 26.80296504
4.24242424 28.14861632
4.29292929 29.41923443
4.34343434 30.99075291
4.39393939 32.41077327
4.44444444 33.99743495
4.49494949 35.67237742
4.54545455 37.29290729
4.59595960 39.40426909
4.64646465 41.43521763
4.69696970 43.35559559
4.74747475 45.56252938
4.79797980 47.80208123
4.84848485 49.98825244
4.89898990 52.47783286
4.94949495 54.96655532
5.00000000 57.67041324
