-0.429772 6.000000
3.965530 6.897959
5.089465 7.795918
10.549349 8.693878
18.146821 9.591837
12.157984 10.489796
12.526522 11.387755
15.040233 12.285714
13.570038 13.183673
18.221675 14.081633
21.472190 14.979592
22.434379 15.877551
25.149828 16.775510
24.538292 17.673469
17.263072 18.571429
28.887907 19.469388
29.028225 20.367347
39.205347 21.265306
19.242379 22.163265
38.141830 23.061224
27.971945 23.959184
34.562213 24.857143
36.800350 25.755102
36.392023 26.653061
46.569619 27.551020
36.946316 28.448980
28.739036 29.346939
36.503160 30.244898
46.647999 31.142857
29.683983 32.040816
32.960095 32.938776
40.211650 33.836735
48.272383 34.734694
50.990916 35.632653
40.027170 36.530612
44.652405 37.428571
48.603290 38.326531
48.027374 39.224490
49.410776 40.122449
48.280736 41.020408
57.149161 41.918367
45.880046 42.816327
47.361677 43.714286
61.072789 44.612245
59.168248 45.510204
56.540131 46.408163
54.854724 47.306122
62.671446 48.204082
59.803585 49.102041
61.063928 50.000000
