-0.255255 0.000000
-4.821818 0.306122
12.876131 0.612245
4.924169 0.918367
23.999181 1.224490
39.425325 1.530612
39.291661 1.836735
43.185946 2.142857
51.982733 2.448980
44.818221 2.755102
73.688767 3.061224
104.047143 3.367347
87.658213 3.673469
89.095609 3.979592
109.583170 4.285714
103.293973 4.591837
114.095061 4.897959
120.782560 5.204082
145.557957 5.510204
140.916194 5.816327
139.902751 6.122449
159.250990 6.428571
175.357625 6.734694
196.395644 7.040816
198.447820 7.346939
197.607986 7.653061
199.854275 7.959184
220.406701 8.265306
208.226385 8.571429
230.679746 8.877551
252.464049 9.183673
229.897782 9.489796
241.569165 9.795918
244.457869 10.102041
287.560210 10.408163
257.475774 10.714286
268.054420 11.020408
301.369152 11.326531
289.978920 11.632653
280.967285 11.938776
322.675902 12.244898
300.880215 12.551020
311.960613 12.857143
337.458113 13.163265
347.806043 13.469388
340.852325 13.775510
324.979163 14.081633
358.750539 14.387755
380.652355 14.693878
372.532678 15.000000
